MThd
[0, 0, 0, 6]
midi fmt 1
# tracks 3
ticks per quarter 96
reading track 0
length  12
time signature  (4, 2, 24, 8)
reading track 1
length  25
tempo  130.00013
tempo  130.00013
tempo  130.00013
reading track 2
length  1488
unknown event  0xc0
unknown event  0x0
unknown event  0x0
unknown event  0xc0
unknown event  0x0
unknown event  0x0
unknown event  0xc0
unknown event  0x50
unknown event  0xc0
unknown event  0x1
unknown event  0x0
unknown event  0xc0
unknown event  0x0
unknown event  0x0
unknown event  0xc0
unknown event  0x0
unknown event  0x0
8, [0, 2], 2, [3, 1], 2.5, [2, 0], 1.5, [3, 1], 2, [3, 1], 
2, [2, 0], 2.5, [3, 1], 1.5, [2, 0], 2, [3], 2, [2, 1, 0], 
2.5, [2], 1.5, [3, 1, 0], 2, [1], 2, [3, 2, 0], 2.5, [0], 
1.5, [3, 2, 1], 4, [4], 4, [4], 2, [1, 0], 1.5, [2], 
0.5, [3], 2.5, [1, 0], 1, [2], 0.5, [3], 4, [4], 
4, [4], 2, [3, 2], 1.5, [1], 0.5, [0], 2.5, [3, 2], 
1, [1], 0.5, [0], 2, [3], 2, [2, 1, 0], 2.5, [2], 
1.5, [3, 1, 0], 2, [1], 2, [3, 2, 0], 2.5, [0], 1.5, [3, 2, 1], 
2, [5], 4, [0], 0.333333, [1], 0.333333, [2], 0.333333, [3], 
3, [2], 0.333333, [3], 0.333333, [0], 0.333333, [1], 3, [1], 
0.333333, [2], 0.333333, [3], 0.333333, [0], 3, [4], 4, [3], 
0.333333, [0], 0.333333, [1], 0.333333, [2], 3, [0], 0.333333, [1], 
0.333333, [2], 0.333333, [3], 3, [2], 0.333333, [3], 0.333333, [0], 
0.333333, [1], 5, [4], 2, [4], 2, [4], 2, [4], 
2, [4], 2, [4], 2, [4], 2, [5], 6, [4], 
2, [4], 4, [3, 0], 1, [2, 1], 1, [3, 0], 1, [2, 1], 
1, [3, 0], 1, [2, 1], 1, [3, 0], 1, [2, 1], 3, [4], 
2, [4], 8, [5], 6, [4], 2, [4], 2, [4], 
2, [4], 2, [4], 2, [4], 4, [4, 2], 1, [3, 1], 
1, [4, 2], 1, [3, 1], 3, [4], 2, [4], 4, [2, 1], 
1, [3, 0], 1, [2, 1], 1, [3, 0], 1, [2, 1], 1, [3, 0], 
1, [2, 1], 1, [3, 0], 3, [4], 2, [4], 4, [5]
