MThd
[0, 0, 0, 6]
midi fmt 1
# tracks 4
ticks per quarter 96
reading track 0
length  12
time signature  (4, 2, 24, 8)
reading track 1
length  25
tempo  125.0
tempo  125.0
tempo  125.0
reading track 2
length  2528
unknown event  0xc0
unknown event  0x0
unknown event  0x0
unknown event  0xc0
unknown event  0x0
unknown event  0x0
unknown event  0xc0
unknown event  0x7f
unknown event  0xc0
unknown event  0x1
unknown event  0x0
unknown event  0xc0
unknown event  0x0
unknown event  0x0
unknown event  0xc0
unknown event  0x0
unknown event  0x0
131.354, [2, 1], 1, [3], 0.5, [0], 0.5, [2, 1], 1, [3], 
0.5, [0], 0.5, [2, 1], 1, [3], 0.75, [0], 0.25, [2, 1], 
0.5, [3], 0.5, [0], 1, [2], 0.5, [1], 1, [3], 
1, [0], 2, [2], 0.5, [1], 0.5, [3], 0.5, [0], 
0.5, [2], 0.5, [1], 1.5, [3], 0.5, [0], 0.5, [2], 
1, [1], 1, [3], 1, [0], 0.5, [2], 1, [1], 
0.5, [3], 0.5, [0], 1.5, [2], 0.5, [1], 0.5, [3], 
1, [0], 1, [2], 1, [1], 0.5, [3], 1, [0], 
0.5, [2], 0.5, [1], 1.5, [3], 0.5, [0], 0.5, [2], 
1, [1], 1, [3], 1, [0], 0.5, [2], 1, [1], 
0.5, [3], 0.5, [0], 0.5, [2], 0.5, [1], 0.5, [3], 
0.5, [0], 0.5, [2], 0.5, [1], 0.5, [3], 2, [0], 
2.5, [2], 0.5, [1], 0.5, [3], 0.5, [0], 0.5, [2], 
0.5, [1], 0.5, [3], 0.5, [0], 2, [2], 2.5, [1], 
0.5, [3], 0.5, [0], 0.5, [2], 0.5, [1], 0.5, [3], 
0.5, [0], 0.5, [2], 2, [1], 2.5, [3], 0.5, [0], 
0.5, [2], 0.5, [1], 0.5, [3], 0.5, [0], 0.5, [2], 
0.5, [1], 2, [3], 2.5, [0], 0.5, [2], 0.5, [1], 
0.5, [3], 0.5, [0], 0.5, [2], 0.5, [1], 0.5, [3], 
2, [0], 2.5, [2], 0.5, [1], 0.5, [3], 0.5, [0], 
0.5, [2], 0.5, [1], 0.5, [3], 0.5, [0], 2, [2], 
2.5, [4], 2, [0], 2, [1], 0.666667, [0], 0.666667, [1], 
2.66667, [3, 0], 0.666667, [1], 0.666667, [0], 0.666667, [2], 2, [3], 
0.666667, [2], 0.666667, [3], 2.66667, [2, 0], 0.666667, [3], 0.666667, [2], 
0.666667, [1], 2, [0], 0.666667, [1], 0.666667, [0], 2.66667, [2, 1], 
0.666667, [0], 0.666667, [1], 0.666667, [3], 2, [2], 0.666667, [3], 
0.666667, [2], 2.66667, [3, 1], 0.666667, [2], 0.666667, [3], 0.666667, [0], 
2, [1], 0.666667, [0], 0.666667, [1], 2.66667, [3, 0], 0.666667, [1], 
0.666667, [0], 0.666667, [2], 2, [3], 0.666667, [2], 0.666667, [3], 
2.66667, [2, 0], 0.666667, [3], 0.666667, [2], 0.666667, [1], 2, [0], 
0.666667, [1], 0.666667, [0], 2.66667, [2, 1], 0.666667, [0], 0.666667, [1], 
0.666667, [3], 2, [2], 0.666667, [3], 0.666667, [2], 2.66667, [4], 
2, [0], 0.5, [2], 0.5, [1], 0.5, [3], 2, [0], 
2.5, [2], 0.5, [1], 0.5, [3], 0.5, [0], 0.5, [2], 
0.5, [1], 0.5, [3], 0.5, [0], 2, [2], 2.5, [1], 
0.5, [3], 0.5, [0], 0.5, [2], 0.5, [1], 0.5, [3], 
0.5, [0], 0.5, [2], 2, [1], 2.5, [3], 0.5, [0], 
0.5, [2], 0.5, [1], 0.5, [3], 0.5, [0], 0.5, [2], 
0.5, [1], 2, [3], 2.5, [0], 0.5, [2], 0.5, [1], 
0.5, [3], 0.5, [0], 0.5, [2], 0.5, [1], 0.5, [3], 
2, [0], 2.5, [2], 0.5, [1], 0.5, [3], 0.5, [0], 
0.5, [2], 0.5, [1], 0.5, [3], 0.5, [0], 2, [2], 
2.5, [4], 2, [0], 2, [1], 0.666667, [0], 0.666667, [1], 
2.66667, [3, 0], 0.666667, [1], 0.666667, [0], 0.666667, [2], 2, [3], 
0.666667, [2], 0.666667, [3], 2.66667, [2, 0], 0.666667, [3], 0.666667, [2], 
0.666667, [1], 2, [0], 0.666667, [1], 0.666667, [0], 2.66667, [2, 1], 
0.666667, [0], 0.666667, [1], 0.666667, [3], 2, [2], 0.666667, [3], 
0.666667, [2], 2.66667, [3, 1], 0.666667, [2], 0.666667, [3], 0.666667, [0], 
2, [1], 0.666667, [0], 0.666667, [1], 2.66667, [3, 0], 0.666667, [1], 
0.666667, [0], 0.666667, [2], 2, [3], 0.666667, [2], 0.666667, [3], 
2.66667, [2, 0], 0.666667, [3], 0.666667, [2], 0.666667, [1], 2, [0], 
0.666667, [1], 0.666667, [0], 2.66667, [2, 1], 0.666667, [0], 0.666667, [1], 
0.666667, [3], 2, [2], 0.666667, [3], 0.666667, [2], 2.66667, [4]
reading track 3
length  196
unknown event  0xc0
unknown event  0x0
unknown event  0x0
unknown event  0xc0
unknown event  0x0
unknown event  0x0
unknown event  0xc0
unknown event  0x0
unknown event  0xc0
unknown event  0x1
unknown event  0x0
unknown event  0xc0
unknown event  0x0
unknown event  0x0
unknown event  0xc0
unknown event  0x0
unknown event  0x0
