MThd
[0, 0, 0, 6]
midi fmt 1
# tracks 3
ticks per quarter 96
reading track 0
length  12
time signature  (4, 2, 24, 8)
reading track 1
length  25
tempo  120.0
tempo  120.0
tempo  120.0
reading track 2
length  4978
unknown event  0xc0
unknown event  0x0
unknown event  0x0
unknown event  0xc0
unknown event  0x0
unknown event  0x0
unknown event  0xc0
unknown event  0x0
unknown event  0x7f
unknown event  0xc0
unknown event  0x1
unknown event  0x0
unknown event  0xc0
unknown event  0x0
unknown event  0x0
unknown event  0xc0
unknown event  0x0
unknown event  0x0
7.25, [1, 0], 1.35417, [3, 2], 1.52083, [3, 2, 1, 0], 
3.64583, [0], 1.125, [1], 1.11458, [2], 1.125, [3], 1.125, [0], 
1.11458, [1], 1.10417, [2], 1.11458, [3], 1.11458, [2, 0], 1.125, [3, 1], 
1.125, [2, 0], 1.13542, [3, 1], 1.125, [2, 0], 1.125, [3, 1], 1.125, [2, 0], 
1.13542, [3, 1], 1.125, [3], 1.125, [2], 1.125, [1], 1.125, [0], 
1.125, [3], 1.11458, [2], 1.125, [1], 1.125, [0], 1.125, [3, 1], 
1.11458, [2, 0], 1.125, [3, 1], 1.11458, [2, 0], 1.125, [3, 1], 1.11458, [2, 0], 
3.375, [3, 2, 1, 0], 2.80208, [3, 1], 0.5625, [2, 0], 1.125, [2, 0], 1.125, [3, 1], 
1.6875, [2, 0], 0.552083, [3, 1], 1.125, [3, 1], 1.6875, [3, 1], 0.5625, [2, 0], 
1.6875, [3, 1], 0.552083, [2, 0], 2.22917, [3, 2, 1, 0], 2.22917, [1, 0], 1.125, [3, 2], 
1.13542, [1, 0], 1.13542, [3, 2], 1.125, [1, 0], 1.11458, [3, 2], 1.11458, [1, 0], 
1.11458, [3, 2], 1.11458, [0], 1.11458, [2], 1.11458, [1], 1.11458, [3], 
1.11458, [2], 1.125, [0], 1.125, [1], 1.13542, [3], 1.125, [2, 0], 
1.125, [1], 1.13542, [3], 1.125, [2, 0], 1.13542, [3, 1], 1.11458, [0], 
1.125, [2], 1.11458, [3, 1], 1.125, [2, 0], 1.11458, [1], 1.125, [3], 
1.125, [2, 0], 1.125, [3, 1], 1.125, [0], 1.125, [2], 1.125, [3, 1], 
1.11458, [0], 1.125, [1], 1.125, [2], 1.125, [3], 1.125, [1, 0], 
1.125, [3, 2], 3.36458, [3, 2, 1, 0], 4.5, [3, 2, 1, 0], 4.47917, [3, 2, 1, 0], 3.92708, [0], 
0.5625, [3], 0.5625, [1], 0.270833, [2], 0.5625, [0], 0.28125, [3], 
0.5625, [1], 2.23958, [1, 0], 1.11458, [3, 2], 1.11458, [1, 0], 1.11458, [3, 2], 
1.10417, [1, 0], 1.13542, [3, 2], 1.13542, [1, 0], 1.125, [3, 2], 1.13542, [1, 0], 
1.11458, [3, 2], 1.11458, [1, 0], 1.11458, [3, 2], 1.10417, [1, 0], 1.13542, [3, 2], 
3.39583, [3, 2, 1, 0], 2.8125, [2, 0], 0.5625, [3, 1], 1.125, [3, 2, 1, 0], 2.77083, [3, 1], 
0.5625, [2, 0], 1.11458, [3], 0.5625, [2], 0.572917, [1], 0.5625, [0], 
0.572917, [3], 0.572917, [2], 0.572917, [1], 0.5625, [0], 0.572917, [3], 
0.552083, [2], 0.552083, [1], 0.552083, [0], 0.552083, [3], 0.552083, [2], 
0.552083, [1], 0.552083, [0], 0.552083, [3, 2], 1.125, [1, 0], 1.125, [3, 2], 
1.125, [1, 0], 1.125, [3, 2], 1.13542, [1, 0], 1.13542, [3, 2], 1.13542, [1, 0], 
1.13542, [3], 1.10417, [2], 1.11458, [1], 1.11458, [0], 3.36458, [3, 2, 1, 0], 
2.25, [3, 2, 1, 0], 2.82292, [3, 1], 0.572917, [2, 0], 1.125, [3, 2, 1, 0], 2.80208, [2, 0], 
0.552083, [3, 1], 1.125, [2, 0], 1.11458, [3, 1], 1.67708, [2, 0], 0.5625, [3, 1], 
1.125, [2, 0], 1.11458, [3, 1], 1.66667, [2, 0], 0.5625, [3, 1], 1.11458, [1, 0], 
1.13542, [3, 2], 1.69792, [1, 0], 0.5625, [3, 2], 1.13542, [1, 0], 2.20833, [3, 2], 
2.23958, [0], 0.5625, [1], 0.572917, [2], 0.5625, [3], 0.5625, [0], 
0.572917, [1], 0.5625, [2], 0.5625, [3], 0.5625, [0], 0.552083, [1], 
0.5625, [2], 0.5625, [3], 0.5625, [0], 0.5625, [1], 0.552083, [2], 
0.572917, [3], 0.5625, [0], 0.5625, [1], 0.5625, [2], 0.552083, [3], 
2.22917, [0], 0.5625, [3], 0.5625, [1], 0.28125, [2], 0.552083, [0], 
0.28125, [3], 0.5625, [1], 2.25, [3, 1], 1.125, [2, 0], 1.11458, [3, 1], 
1.125, [2, 0], 1.125, [3, 1], 1.125, [2, 0], 1.125, [3, 1], 1.125, [2, 0], 
1.125, [3, 1], 1.13542, [2, 0], 1.125, [3, 1], 1.125, [2, 0], 1.09375, [3, 1], 
1.125, [2, 0], 1.13542, [3, 1], 1.125, [2, 0], 1.10417, [3], 0.5625, [1], 
0.5625, [2], 0.5625, [0], 0.5625, [3], 0.552083, [1], 0.5625, [2], 
0.5625, [0], 0.5625, [3, 1], 1.125, [2, 0], 1.13542, [3, 1], 1.13542, [2, 0], 
1.09375, [3], 0.5625, [1], 0.572917, [2], 0.5625, [0], 0.5625, [3], 
0.5625, [1], 0.5625, [2], 0.552083, [0], 0.552083, [3, 1], 1.125, [2, 0], 
3.36458, [3, 2, 1, 0], 2.8125, [3, 1], 0.5625, [2, 0], 1.125, [2, 0], 1.11458, [3, 1], 
1.6875, [2, 0], 0.5625, [3, 1], 1.125, [3, 1], 1.67708, [3, 1], 0.5625, [2, 0], 
1.67708, [3, 1], 0.552083, [2, 0], 2.26042, [3, 2, 1, 0], 2.25, [1, 0], 1.125, [3, 2], 
1.125, [1, 0], 1.13542, [3, 2], 1.125, [1, 0], 1.125, [3, 2], 1.125, [1, 0], 
1.125, [3, 2], 1.125, [0], 1.125, [2], 1.11458, [1], 1.11458, [3], 
1.125, [2], 1.11458, [0], 1.11458, [1], 1.125, [3], 1.11458, [2, 0], 
1.125, [1], 1.125, [3], 1.13542, [2, 0], 1.125, [3, 1], 1.13542, [0], 
1.125, [2], 1.125, [3, 1], 1.13542, [2, 0], 1.11458, [1], 1.125, [3], 
1.11458, [2, 0], 5.625, [3, 2, 1, 0], 4.47917, [3, 2, 1, 0], 4.47917, [3, 2, 1, 0], 3.91667, [0], 
0.5625, [3], 0.5625, [1], 0.28125, [2], 0.552083, [0], 0.28125, [3], 
0.5625, [1], 2.23958, [1, 0], 1.125, [3, 2], 1.11458, [1, 0], 1.125, [3, 2], 
1.11458, [1, 0], 1.125, [3, 2], 1.125, [1, 0], 1.125, [3, 2], 1.125, [1, 0], 
1.125, [3, 2], 1.125, [1, 0], 1.125, [3, 2], 1.125, [1, 0], 1.11458, [3, 2], 
3.33333, [3, 2, 1, 0], 2.25, [3, 1], 0.5625, [2, 0], 1.6875, [3, 2, 1, 0], 2.25, [2, 0], 
0.5625, [3, 1], 1.69792, [3, 2, 1, 0], 2.27083, [3, 1], 0.5625, [2, 0], 1.70833, [3, 2, 1, 0], 
4.4375, [3, 2, 1, 0], 2.27083, [3, 1], 0.552083, [2, 0], 1.70833, [3, 2, 1, 0], 2.22917, [2, 0], 
0.552083, [3, 1], 1.65625, [3, 2, 1, 0], 2.27083, [3, 1], 0.5625, [2, 0], 1.69792, [3, 2, 1, 0], 
2.23958, [2, 0], 0.552083, [3, 1], 1.67708, [3, 2, 1, 0], 2.23958, [3, 1], 0.5625, [2, 0], 
1.67708, [3, 2, 1, 0], 2.27083, [2, 0], 0.5625, [3, 1], 1.69792, [3, 2, 1, 0], 2.22917, [3, 1], 
0.552083, [2, 0], 1.67708, [3, 2, 1, 0], 2.26042, [2, 0], 0.572917, [3, 1], 1.69792, [3, 2, 1, 0]
