MThd
[0, 0, 0, 6]
midi fmt 1
# tracks 3
ticks per quarter 96
reading track 0
length  12
time signature  (4, 2, 24, 8)
reading track 1
length  25
tempo  120.0
tempo  120.0
tempo  120.0
reading track 2
length  4907
unknown event  0xc0
unknown event  0x0
unknown event  0x0
unknown event  0xc0
unknown event  0x0
unknown event  0x0
unknown event  0xc0
unknown event  0x71
unknown event  0xc0
unknown event  0x1
unknown event  0x0
unknown event  0xc0
unknown event  0x0
unknown event  0x0
unknown event  0xc0
unknown event  0x0
unknown event  0x0
131.104, [25], 1, [26, 27], 1, [25, 24, 26, 27], 4, [24], 1, [25], 
1, [26], 1, [27], 1, [24], 1, [25], 1, [26], 
1, [27], 1, [26, 24], 1, [25, 27], 1, [24, 26], 1, [25, 27], 
1, [24, 26], 1, [27, 25], 1, [26, 24], 1, [25, 27], 1, [27], 
1, [26], 1, [25], 1, [24], 1, [27], 1, [26], 
1, [25], 1, [24], 1, [25, 27], 1, [26, 24], 1, [27, 25], 
1, [24, 26], 1, [25, 27], 1, [24, 26], 3, [26, 25, 27, 24], 2.5, [27, 25], 
0.5, [26, 24], 1, [26, 24], 1, [27, 25], 1.5, [26, 24], 0.5, [27, 25], 
1, [27, 25], 1.5, [27, 25], 0.5, [26, 24], 1.5, [27, 25], 0.5, [26, 24], 
2, [27, 26, 25, 24], 2, [25, 24], 1, [27, 26], 1, [25, 24], 1, [27, 26], 
1, [25, 24], 1, [27, 26], 1, [25, 24], 1, [27, 26], 1, [24], 
1, [26], 1, [25], 1, [27], 1, [26], 1, [24], 
1, [25], 1, [27], 1, [26, 24], 1, [25], 1, [27], 
1, [26, 24], 1, [27, 25], 1, [24], 1, [26], 1, [27, 25], 
1, [26, 24], 1, [25], 1, [27], 1, [26, 24], 1, [27, 25], 
1, [24], 1, [26], 1, [27, 25], 1, [24], 1, [25], 
1, [26], 1, [27], 1, [25, 24], 1, [27, 26], 3, [27, 26, 25, 24], 
4, [27, 26, 25, 24], 4, [27, 26, 25, 24], 3.5, [24], 0.5, [27], 0.5, [25], 
0.25, [26], 0.5, [24], 0.25, [27], 0.5, [25], 2, [25, 24], 
1, [27, 26], 1, [25, 24], 1, [27, 26], 1, [25, 24], 1, [27, 26], 
1, [25, 24], 1, [27, 26], 1, [25, 24], 1, [27, 26], 1, [25, 24], 
1, [27, 26], 1, [25, 24], 1, [27, 26], 3, [27, 26, 25, 24], 2.5, [26, 24], 
0.5, [27, 25], 1, [27, 26, 25, 24], 2.5, [27, 25], 0.5, [26, 24], 1, [27], 
0.5, [26], 0.5, [25], 0.5, [24], 0.5, [27], 0.5, [26], 
0.5, [25], 0.5, [24], 0.5, [27], 0.5, [26], 0.5, [25], 
0.5, [24], 0.5, [27], 0.5, [26], 0.5, [25], 0.5, [24], 
0.5, [27, 26], 1, [25, 24], 1, [27, 26], 1, [25, 24], 1, [27, 26], 
1, [25, 24], 1, [27, 26], 1, [25, 24], 1, [27], 1, [26], 
1, [25], 1, [24], 3, [27, 26, 25, 24], 2, [27, 26, 25, 24], 2.5, [27, 25], 
0.5, [26, 24], 1, [27, 26, 25, 24], 2.5, [26, 24], 0.5, [27, 25], 1, [26, 24], 
1, [27, 25], 1.5, [26, 24], 0.5, [27, 25], 1, [26, 24], 1, [27, 25], 
1.5, [26, 24], 0.5, [27, 25], 1, [25, 24], 1, [27, 26], 1.5, [24, 25], 
0.5, [27, 26], 1, [25, 24], 2, [27, 26], 2, [24], 0.5, [25], 
0.5, [26], 0.5, [27], 0.5, [24], 0.5, [25], 0.5, [26], 
0.5, [27], 0.5, [24], 0.5, [25], 0.5, [26], 0.5, [27], 
0.5, [24], 0.5, [25], 0.5, [26], 0.5, [27], 0.5, [24], 
0.5, [25], 0.5, [26], 0.5, [27], 2, [24], 0.5, [27], 
0.5, [25], 0.25, [26], 0.5, [24], 0.25, [27], 0.5, [25], 
2, [27, 25], 1, [26, 24], 1, [27, 25], 1, [26, 24], 1, [27, 25], 
1, [26, 24], 1, [27, 25], 1, [26, 24], 1, [27, 25], 1, [26, 24], 
1, [27, 25], 1, [26, 24], 1, [27, 25], 1, [26, 24], 1, [27, 25], 
1, [26, 24], 1, [27], 0.5, [25], 0.5, [26], 0.5, [24], 
0.5, [27], 0.5, [25], 0.5, [26], 0.5, [24], 0.5, [27, 25], 
1, [26, 24], 1, [27, 25], 1, [26, 24], 1, [27], 0.5, [25], 
0.5, [26], 0.5, [24], 0.5, [27], 0.5, [25], 0.5, [26], 
0.5, [24], 0.5, [27, 25], 1, [26, 24], 3, [27, 26, 25, 24], 2.5, [27, 25], 
0.5, [26, 24], 1, [26, 24], 1, [27, 25], 1.5, [26, 24], 0.5, [27, 25], 
1, [27, 25], 1.5, [27, 25], 0.5, [26, 24], 1.5, [27, 25], 0.5, [26, 24], 
2, [27, 26, 25, 24], 2, [25, 24], 1, [27, 26], 1, [25, 24], 1, [27, 26], 
1, [25, 24], 1, [27, 26], 1, [25, 24], 1, [27, 26], 1, [24], 
1, [26], 1, [25], 1, [27], 1, [26], 1, [24], 
1, [25], 1, [27], 1, [26, 24], 1, [25], 1, [27], 
1, [26, 24], 1, [27, 25], 1, [24], 1, [26], 1, [27, 25], 
1, [26, 24], 1, [25], 1, [27], 1, [26, 24], 5, [27, 26, 25, 24], 
4, [27, 26, 25, 24], 4, [27, 26, 25, 24], 3.5, [24], 0.5, [27], 0.5, [25], 
0.25, [26], 0.5, [24], 0.25, [27], 0.5, [25], 2, [25, 24], 
1, [27, 26], 1, [25, 24], 1, [27, 26], 1, [25, 24], 1, [27, 26], 
1, [25, 24], 1, [27, 26], 1, [25, 24], 1, [27, 26], 1, [25, 24], 
1, [27, 26], 1, [25, 24], 1, [27, 26], 3, [27, 26, 25, 24], 2, [27, 25], 
0.5, [26, 24], 1.5, [27, 26, 25, 24], 2, [26, 24], 0.5, [27, 25], 1.5, [27, 26, 25, 24], 
2, [27, 25], 0.5, [26, 24], 1.5, [27, 26, 25, 24], 4, [27, 26, 25, 24], 2, [27, 25], 
0.5, [26, 24], 1.5, [27, 26, 25, 24], 2, [26, 24], 0.5, [25, 27], 1.5, [27, 26, 25, 24], 
2, [27, 25], 0.5, [26, 24], 1.5, [27, 26, 25, 24], 2, [26, 24], 0.5, [27, 25], 
1.5, [27, 26, 25, 24], 2, [27, 25], 0.5, [26, 24], 1.5, [27, 26, 25, 24], 2, [26, 24], 
0.5, [27, 25], 1.5, [27, 26, 25, 24], 2, [27, 25], 0.5, [26, 24], 1.5, [27, 26, 25, 24], 
2, [26, 24], 0.5, [27, 25], 1.5, [27, 26, 25, 24]
