track:  0
length  12
time signature  (4, 2, 24, 8)
track:  1
length  11
tempo  150.999997483
track:  2
length  18
track:  3
length  2369
12, [1], 1.5, [0], 0.5, [3], 1, [0, 3], 1, [0], 
1, [1], 0.5, [3], 1, [1], 0.5, [0], 0.5, [1], 
0.5, [3], 0.5, [1], 1, [2], 1, [1], 0.5, [0], 
0.5, [1], 0.5, [0, 1], 1, [3, 2], 1, [0], 0.5, [2], 
0.5, [3], 0.5, [2], 0.5, [0], 0.5, [1], 0.5, [3], 
0.5, [2], 1, [3], 0.5, [1], 0.5, [0], 0.5, [0], 
1, [3], 0.5, [2], 1, [0], 0.5, [1], 0.5, [3], 
0.5, [2], 0.5, [1], 0.5, [2], 0.5, [0], 1, [0], 
0.5, [1], 1, [3], 1, [1], 0.5, [3], 0.5, [2], 
0.5, [3], 0.5, [0], 0.5, [1], 0.5, [3], 1, [2], 
0.5, [1], 1, [3], 0.5, [0], 0.5, [2], 1, [3, 0], 
1, [2, 3], 2.5, [2, 0], 1.5, [3, 1], 1, [0, 3], 2, [2, 0], 
1.5, [3, 1], 1.5, [1, 0], 0.5, [2, 3], 1.5, [0, 1], 1.5, [3, 1], 
1.5, [0, 2], 1, [1, 3], 1.5, [0], 0.5, [3, 2], 1, [0, 3], 
1, [3, 0], 1, [1, 0], 1, [3], 0.5, [2, 0], 1.5, [3, 1], 
1, [0, 2], 2, [2, 3], 1, [2], 0.5, [2, 0], 1.5, [0, 3], 
1, [3, 1], 1, [1, 3], 1, [3], 1, [1, 0], 1, [2, 0], 
1, [2, 0], 1, [3], 1, [3, 2], 1, [3, 1], 1, [3, 1], 
1, [1], 1, [3, 0], 1, [0, 2], 1, [0, 2], 1, [0], 
1, [2, 3], 0.5, [0], 0.5, [3], 0.5, [0], 0.5, [2], 
0.5, [1], 0.5, [2], 0.5, [2, 0], 1, [1], 0.5, [3], 
0.5, [1], 0.5, [0], 0.5, [2], 0.5, [0], 0.5, [3, 1], 
1, [3], 0.5, [2], 0.5, [3], 0.5, [0], 0.5, [1], 
0.5, [0], 0.5, [0, 1], 1, [1], 0.5, [2], 0.5, [1], 
0.5, [3], 0.5, [0], 0.75, [2], 0.75, [0], 0.5, [0], 
1, [1], 0.5, [3], 1, [1], 0.5, [0], 0.5, [1], 
0.5, [3], 0.5, [1], 1, [2], 1, [1], 0.5, [0], 
0.5, [1], 0.5, [0, 1], 1, [3, 2], 1, [0], 0.5, [2], 
0.5, [3], 0.5, [2], 0.5, [0], 0.5, [1], 0.5, [3], 
0.5, [2], 1, [3], 0.5, [1], 0.5, [0], 0.5, [0], 
1, [3], 0.5, [2], 1, [0], 0.5, [1], 0.5, [3], 
0.5, [2], 0.5, [1], 0.5, [2], 0.5, [0], 1, [0], 
0.5, [1], 1, [3], 1, [1], 0.5, [3], 0.5, [2], 
0.5, [3], 0.5, [0], 0.5, [1], 0.5, [3], 1, [2], 
0.5, [1], 1, [3], 0.5, [0], 0.5, [2], 0.5, [0], 
1, [1], 0.5, [3], 1, [1], 0.5, [0], 0.5, [1], 
0.5, [3], 0.5, [1], 1, [2], 1, [1], 0.5, [0], 
0.5, [1], 0.5, [0, 1], 1, [3, 2], 1, [0], 0.5, [2], 
0.5, [3], 0.5, [2], 0.5, [0], 0.5, [1], 0.5, [3], 
0.5, [2], 1, [3], 0.5, [1], 0.5, [0], 0.5, [0], 
1, [3], 0.5, [2], 1, [0], 0.5, [1], 0.5, [3], 
0.5, [2], 0.5, [1], 0.5, [2], 0.5, [0], 1, [0], 
0.5, [1], 1, [0], 0.5, [0], 0.5, [0], 0.5, [1], 
0.5, [3], 0.5, [1], 0.5, [0], 0.5, [1], 0.5, [2], 
0.5, [2], 0.5, [2], 0.5, [3], 0.5, [1], 0.5, [0], 
0.5, [1], 0.5, [3], 0.5, [0, 3]
