MThd
[0, 0, 0, 6]
midi fmt 1
# tracks 3
ticks per quarter 96
reading track 0
length  12
time signature  (4, 2, 24, 8)
reading track 1
length  25
tempo  85.0000425
tempo  85.0000425
tempo  85.0000425
reading track 2
length  2013
unknown event  0xc0
unknown event  0x0
unknown event  0x0
unknown event  0xc0
unknown event  0x0
unknown event  0x0
unknown event  0xc0
unknown event  0x7f
unknown event  0xc0
unknown event  0x2
unknown event  0x0
unknown event  0xc0
unknown event  0x0
unknown event  0x0
unknown event  0xc0
unknown event  0x0
unknown event  0x0
4, [3], 1, [2], 0.5, [3], 0.5, [2], 1, [1], 
1, [0], 1, [1], 0.5, [0], 0.5, [1], 1, [3], 
1, [2], 1, [3], 0.5, [2], 0.5, [3], 1, [0], 
1, [1], 1, [0], 0.5, [1], 0.5, [0], 1, [2], 
1, [3], 1, [2], 0.5, [3], 0.5, [2], 1, [4], 
1, [2, 0], 1, [3, 1], 0.5, [0], 0.5, [1, 2], 1, [3, 0], 
0.5, [2], 0.5, [1], 1, [0], 0.5, [1], 0.5, [0], 
1, [4], 1, [2, 0], 1, [3, 1], 0.5, [2], 0.5, [3, 0], 
1, [1, 2], 0.5, [0], 0.5, [3], 1, [2], 0.5, [3], 
0.5, [2], 1, [0], 1, [1], 1, [0], 0.5, [1], 
0.5, [0], 1, [2], 1, [3], 1, [2], 0.5, [3], 
0.5, [2], 1, [1], 1, [0], 1, [1], 0.5, [0], 
0.5, [1], 1, [3], 1, [2], 1, [3], 0.5, [2], 
0.5, [3], 1, [4], 1, [3, 1], 1, [2, 0], 0.5, [3], 
0.5, [1, 2], 1, [3, 0], 0.5, [1], 0.5, [2], 1, [3], 
0.5, [2], 0.5, [3], 1, [4], 1, [3, 1], 1, [2, 0], 
0.5, [1], 0.5, [3, 0], 1, [1, 2], 0.5, [3], 0.5, [0], 
1, [1], 0.5, [0], 0.5, [1], 1, [0], 1, [1], 
1, [0], 0.5, [1], 0.5, [0], 1, [2], 1, [3], 
1, [2], 0.5, [3], 0.5, [2], 1, [1], 1, [0], 
1, [1], 0.5, [0], 0.5, [1], 1, [3], 1, [2], 
1, [3], 0.5, [2], 0.5, [3], 1, [4], 1, [2, 0], 
1, [3, 1], 0.5, [0], 0.5, [1, 2], 1, [3, 0], 0.5, [2], 
0.5, [1], 1, [0], 0.5, [1], 0.5, [0], 1, [4], 
1, [2, 0], 1, [3, 1], 0.5, [2], 0.5, [3, 0], 1, [1, 2], 
0.5, [0], 0.5, [3], 1, [2], 0.5, [3], 0.5, [2], 
1, [4], 1, [3, 1], 1, [2, 0], 0.5, [3], 0.5, [1, 2], 
1, [3, 0], 0.5, [1], 0.5, [2], 1, [3], 0.5, [2], 
0.5, [3], 1, [4], 1, [3, 1], 1, [2, 0], 0.5, [1], 
0.5, [3, 0], 1, [1, 2], 0.5, [3], 0.5, [0], 1, [1], 
0.5, [0], 0.5, [1], 1, [0], 1, [1], 1, [0], 
0.5, [1], 0.5, [0], 1, [2], 1, [3], 1, [2], 
0.5, [3], 0.5, [2], 1, [0], 1.5, [1], 0.5, [0], 
1.5, [0], 0.5, [1], 1.5, [0], 0.5, [1], 1.5, [1], 
0.5, [2], 1.5, [3], 0.5, [2], 1.5, [2], 0.5, [3], 
1.5, [2], 0.5, [3], 1.5, [3], 0.5, [3, 1], 1.5, [2, 0], 
0.5, [3, 1], 1.5, [3, 1], 0.5, [2, 0], 1.5, [3, 1], 0.5, [4], 
2, [4], 2, [4], 2, [4]
